41,9
41,12
41,8
41,11
41,10
41,4
41,7
41,6
41,5
7,4
42,9
42,8
42,4
42,7
42,6
42,5
7,1
7,8
7,0
42,3
42,2
42,1
42,0
41,3
41,2
41,1
41,0
7,2
39,13
39,9
39,12
39,8
39,11
39,10
39,4
0,6487
39,7
39,6
39,5
7,9
7,7
7,6
7,5
0,6484
0,6483
40,10
40,9
40,8
40,4
40,7
40,6
40,5
7,3
0,6716
0,6715
0,6714
0,6713
0,6712
0,6711
0,6710
0,6709
0,6708
0,6707
0,6706
0,6705
0,6704
0,6703
0,6702
0,6701
0,6700
0,6699
0,6698
0,6697
0,6696
0,6695
0,6694
0,6693
0,6692
0,6691
0,6690
0,6689
0,6688
0,6687
0,6686
0,6685
0,6684
0,6683
0,6682
0,6681
0,6680
0,6679
0,6678
0,6677
0,6676
0,6675
0,6674
0,6673
0,6672
0,6671
0,6670
0,6669
0,6668
0,6667
0,6666
0,6665
0,6664
0,6663
0,6662
0,6661
0,6660
0,6659
0,6658
0,6657
0,6656
0,6655
0,6654
0,6653
0,6652
0,6651
0,6650
0,6649
0,6648
0,6647
0,6646
0,6645
0,6644
0,6643
0,6642
0,6641
0,6640
0,6639
0,6638
0,6637
0,6636
0,6635
0,6634
0,6633
0,6632
0,6631
0,6630
0,6629
0,6628
0,6627
0,6626
0,6625
0,6624
0,6623
0,6622
0,6621
0,6620
0,6619
0,6618
0,6617
0,6616
0,6615
0,6614
0,6613
0,6612
0,6611
0,6610
0,6609
0,6608
0,6607
0,6606
0,6605
0,6604
0,6603
0,6602
0,6601
0,6600
0,6599
0,6598
0,6597
0,6596
0,6595
0,6594
0,6593
0,6592
0,6591
0,6590
0,6589
0,6588
0,6587
0,6586
0,6585
0,6584
0,6583
0,6582
0,6581
0,6580
0,6579
0,6578
0,6577
0,6576
0,6575
0,6574
0,6573
0,6572
0,6571
0,6570
0,6569
0,6568
0,6567
0,6566
0,6565
0,6564
0,6563
0,6562
0,6561
0,6560
0,6559
0,6558
0,6557
0,6556
0,6555
0,6554
0,6553
0,6552
0,6551
0,6550
0,6549
0,6548
0,6547
0,6546
0,6545
0,6544
0,6543
0,6542
0,6541
0,6540
0,6539
0,6538
0,6537
0,6536
0,6535
0,6534
0,6533
0,6532
0,6531
0,6530
0,6529
0,6528
0,6478
0,6477
0,6476
0,6475
40,3
40,2
40,1
40,0
0,4
0,305
0,302
39,3
39,2
39,1
39,0
0,7
0,12
0,11
0,10
0,306
0,304
0,303
0,9
0,8
0,2
38,321
38,595
38,251
38,247
38,246
0,6474
38,253
38,327
38,328
0,6473
38,326
38,323
38,324
38,543
38,239
38,594
38,542
38,322
0,6472
38,541
38,19
38,593
38,540
38,208
0,6471
38,539
0,6470
38,320
38,538
38,592
38,537
38,536
38,535
38,534
38,210
38,203
38,37
38,236
38,533
38,243
38,245
0,6469
38,532
38,230
38,591
0,6468
38,531
38,20
38,590
38,530
38,529
38,40
38,30
38,528
38,527
38,526
38,57
38,525
0,6467
38,197
38,524
38,252
38,202
38,204
38,523
38,522
38,589
38,248
38,129
38,521
38,238
38,520
38,588
0,6466
0,6465
38,34
38,587
38,519
0,6464
38,249
38,518
38,517
38,516
38,231
38,235
38,586
38,244
38,515
38,200
38,585
0,6462
38,514
38,211
38,513
38,383
38,56
38,584
38,242
38,583
38,382
0,6460
38,381
38,380
38,206
38,226
38,234
38,582
38,379
38,254
38,378
38,201
38,377
38,581
0,6458
38,195
0,6457
38,580
0,6456
38,376
38,198
38,579
38,375
38,9
38,374
0,6455
38,229
38,578
38,373
38,227
38,577
38,372
38,59
38,371
38,205
38,370
38,233
38,576
38,369
38,228
38,368
38,33
38,503
38,367
0,6450
38,502
38,225
38,366
38,232
38,365
38,512
38,364
38,224
38,240
38,241
38,501
38,363
38,194
38,362
38,500
38,54
38,361
38,8
0,6447
38,360
38,499
38,196
0,6446
38,498
38,359
38,62
38,358
38,357
38,58
38,237
38,356
38,355
38,497
38,496
38,14
38,193
0,6444
38,354
38,207
38,495
38,494
38,493
0,6440
38,492
0,6439
38,353
38,53
38,491
0,6438
38,490
38,489
0,6436
38,352
38,192
38,488
0,6434
38,487
0,6433
38,486
0,6432
38,485
38,484
0,6430
38,483
38,482
38,481
0,6426
38,480
0,6425
38,479
0,6424
38,478
0,6423
38,477
38,476
0,6421
38,475
0,6420
38,474
0,6418
38,473
0,6417
38,472
38,471
38,470
38,469
38,468
0,6413
38,467
0,6412
38,466
0,6410
38,465
0,6409
0,6408
38,464
0,6407
38,463
0,6406
38,462
38,461
0,6405
38,460
0,6404
0,6403
38,459
0,6402
38,458
0,6401
38,457
0,6400
38,456
0,6399
38,455
38,454
0,6398
38,453
0,6397
38,452
0,6396
0,6395
38,451
0,6394
38,450
38,449
38,448
38,419
38,418
0,6388
38,417
0,6387
38,416
0,6386
38,415
0,6385
38,414
0,6384
38,413
0,6383
38,412
0,6382
38,411
0,6381
0,6380
38,410
0,6379
38,409
0,6378
0,6377
38,408
38,407
38,406
38,405
38,404
38,403
38,402
38,401
38,400
38,399
38,398
0,6366
38,397
0,6365
38,396
38,395
38,394
0,6361
38,393
38,392
38,391
0,6358
38,390
38,389
38,388
38,351
38,13
38,350
38,223
38,387
0,6353
38,386
0,6352
38,385
38,384
0,6350
38,318
38,349
38,131
38,348
38,222
0,6348
38,317
38,347
0,6347
38,221
38,316
38,346
38,219
0,6346
38,315
38,345
38,213
38,344
38,216
38,314
38,313
38,312
38,311
38,310
38,343
38,214
38,309
38,342
38,218
38,341
38,220
38,308
38,340
38,217
38,339
38,212
38,307
38,338
38,23
0,6336
38,337
38,41
38,306
38,305
38,304
38,336
38,215
38,335
38,128
38,303
38,334
38,302
38,31
38,447
38,333
38,332
38,130
38,60
38,331
38,61
38,301
38,330
38,329
38,21
38,300
38,132
38,299
38,209
38,325
38,36
38,298
38,297
38,199
38,255
38,296
38,295
38,294
38,250
38,63
38,293
38,292
38,291
38,290
38,55
38,289
38,288
38,287
38,286
38,285
38,284
38,283
38,282
38,281
38,280
38,279
38,278
38,277
38,276
38,275
38,274
38,273
38,272
38,271
38,270
38,269
38,268
38,267
38,266
38,265
38,264
38,263
38,262
38,261
38,260
38,259
38,258
38,257
38,256
38,127
38,126
38,125
38,124
38,123
38,122
38,121
38,120
38,119
38,118
38,117
38,319
38,116
38,115
38,114
38,113
38,112
38,111
38,110
38,109
38,108
38,107
38,106
38,105
38,104
38,103
38,102
38,101
38,100
38,99
38,98
38,97
38,96
38,95
38,94
38,93
38,92
38,91
38,90
38,89
38,88
38,87
38,86
38,85
38,84
38,83
38,82
38,81
38,80
38,79
38,78
38,77
38,76
38,75
38,74
38,73
38,72
38,71
38,70
38,69
38,68
38,67
38,66
38,65
38,64
38,52
38,51
38,50
38,49
38,48
38,47
38,46
38,45
38,44
38,43
38,42
38,39
38,38
38,35
38,32
38,29
38,28
38,27
38,26
38,25
38,24
0,4518
38,22
38,18
38,17
38,16
38,15
38,12
38,11
38,10
38,4
38,7
38,6
38,1
38,5
38,2
38,0
38,3
0,267
0,266
0,265
0,264
0,263
0,262
0,261
0,260
0,259
0,258
0,257
0,256
0,255
0,254
0,253
0,252
0,251
0,250
0,249
2,3
1,3
0,248
0,247
0,246
0,245
0,244
0,242
0,241
0,240
0,239
0,238
0,237
0,236
0,235
0,234
0,233
0,232
0,231
0,230
0,229
0,228
0,227
0,226
0,225
0,224
0,223
0,222
0,221
0,220
0,219
0,218
0,217
0,216
0,215
0,214
0,213
0,212
0,5126
0,211
0,210
0,209
0,208
0,207
0,206
0,205
0,204
0,203
0,202
0,201
0,200
0,199
0,198
0,4528
0,197
0,196
0,195
0,194
0,193
0,192
0,63
0,62
0,61
0,60
0,59
0,58
0,57
0,56
0,55
0,54
0,53
0,52
0,51
0,50
0,49
0,48
0,47
0,46
0,45
0,6
0,300
0,299
0,298
0,297
0,296
0,295
0,294
0,293
0,292
0,291
0,290
0,289
0,288
0,287
0,286
0,285
0,284
0,283
0,282
0,281
0,280
0,279
0,278
0,277
0,276
0,275
0,274
0,273
0,272
0,271
0,270
0,269
5,7
5,6
5,5
5,4
5,2
5,0
0,1
0,243
0,0
0,268
5,3
0,6275
0,6274
0,6273
0,6272
0,6271
0,6270
0,6269
0,6268
0,6267
0,6266
0,6265
0,6264
0,6263
0,6262
0,6261
0,6260
0,6259
0,6258
0,6257
0,6256
0,6255
0,6254
0,6253
0,6252
0,6251
0,6250
0,6249
0,6248
0,6247
0,6246
0,6245
0,6244
0,6243
0,6242
0,6241
0,6240
0,6239
0,6238
0,6237
0,6236
0,6235
0,6234
0,6233
0,6232
0,6231
0,6230
0,6229
0,6228
0,6227
0,6226
0,6225
0,6224
0,6223
0,6222
0,6221
0,6220
0,6219
0,6218
0,6217
0,6216
0,6215
0,6214
0,6213
0,6212
0,6211
0,6210
0,6209
0,6208
0,6207
0,6206
0,6205
0,6204
0,6203
0,6202
0,6201
0,6200
0,6199
0,6198
0,6197
0,6196
0,6195
0,6194
0,6193
0,6192
0,6191
0,6190
0,6189
0,6188
0,6187
0,6186
0,6185
0,6184
0,6183
0,6182
0,6181
0,6180
0,6179
0,6178
0,6177
0,6176
0,6175
0,6174
0,6173
0,6172
0,6171
0,6170
0,6169
0,6168
0,6167
0,6166
0,6165
0,6164
0,6163
0,6162
0,6161
0,6160
0,6159
0,6158
0,6157
0,6156
0,6155
0,6154
0,6153
0,6152
0,6151
0,6150
0,6149
0,6148
0,6147
0,6146
0,6145
0,6144
0,6143
0,6142
0,6141
0,6140
0,6139
0,6138
0,6137
0,6136
0,6135
0,6134
0,6133
0,6132
0,6131
0,6130
0,6129
0,6128
0,6127
0,6126
0,6125
0,6124
0,6123
0,6122
0,6121
0,6120
0,6119
0,6118
0,6117
0,6116
0,6115
0,6114
0,6113
0,6112
0,6111
0,6110
0,6109
0,6108
0,6107
0,6106
0,6105
0,6104
0,6103
0,6102
0,6101
0,6100
0,6099
0,6098
0,6097
0,6096
0,6095
0,6094
0,6093
0,6092
0,6091
0,6090
0,6089
0,6088
0,6087
0,6086
0,6085
0,6084
0,6083
0,6082
0,6081
0,6080
0,6079
0,6078
0,6077
0,6076
0,6075
0,6074
0,6073
0,6072
0,6071
0,6070
0,6069
0,6068
0,6067
0,6066
0,6065
0,6064
0,6063
0,6062
0,6061
0,6060
0,6059
0,6058
0,6057
0,6056
0,6055
0,6054
0,6053
0,6052
0,6051
0,6050
0,6049
0,6048
0,6047
0,6046
0,6045
0,6044
0,6043
0,6042
0,6041
0,6040
0,6039
0,6038
0,6037
0,6036
0,6035
0,6034
0,6033
0,6032
0,6031
0,6030
0,6029
0,6028
0,6027
0,6026
0,6025
0,6024
0,6023
0,6022
0,6021
0,6020
0,6019
0,6018
0,6017
0,6016
0,8191
0,8190
0,8189
0,8188
0,8187
0,8186
0,8185
0,8184
0,8183
0,8182
0,8181
0,8180
0,8179
0,8178
0,8177
0,8176
0,8175
0,8174
0,8173
0,8172
0,8171
0,8170
0,8169
0,8168
0,8167
0,8166
0,8165
0,8164
0,8163
0,8162
0,8161
0,8160
0,8159
0,8158
0,8157
0,8156
0,8155
0,8154
0,8153
0,8152
0,8151
0,8150
0,8149
0,8148
0,8147
0,8146
0,8145
0,8144
0,8143
0,8142
0,8141
0,8140
0,8139
0,8138
0,8137
0,8136
0,8135
0,8134
0,8133
0,8132
0,8131
0,8130
0,8129
0,8128
0,8127
0,8126
0,8125
0,8124
0,8123
0,8122
0,8121
0,8120
0,8119
0,8118
0,8117
0,8116
0,8115
0,8114
0,8113
0,8112
0,8111
0,8110
0,8109
0,8108
0,8107
0,8106
0,8105
0,8104
0,8103
0,8102
0,8101
0,8100
0,8099
0,8098
0,8097
0,8096
0,8095
0,8094
0,8093
0,8092
0,8091
0,8090
0,8089
0,8088
0,8087
0,8086
0,8085
0,8084
0,8083
0,8082
0,8081
0,8080
0,8079
0,8078
0,8077
0,8076
0,8075
0,8074
0,8073
0,8072
0,8071
0,8070
0,8069
0,8068
0,8067
0,8066
0,8065
0,8064
0,8063
0,8062
0,8061
0,8060
0,8059
0,8058
0,8057
0,8056
0,8055
0,8054
0,8053
0,8052
0,8051
0,8050
0,8049
0,8048
0,8047
0,8046
0,8045
0,8044
0,8043
0,8042
0,8041
0,8040
0,8039
0,8038
0,8037
0,8036
0,8035
0,8034
0,8033
0,8032
0,8031
0,8030
0,8029
0,8028
0,8027
0,8026
0,8025
0,8024
0,8023
0,8022
0,8021
0,8020
0,8019
0,8018
0,8017
0,8016
0,8015
0,8014
0,8013
0,8012
0,8011
0,8010
0,8009
0,8008
0,8007
0,8006
0,8005
0,8004
0,8003
0,8002
0,8001
0,8000
0,7999
0,7998
0,7997
0,7996
0,7995
0,7994
0,7993
0,7992
0,7991
0,7990
0,7989
0,7988
0,7987
0,7986
0,7985
0,7984
0,7983
0,7982
0,7981
0,7980
0,7979
0,7978
0,7977
0,7976
0,7975
0,7974
0,7973
0,7972
0,7971
0,7970
0,7969
0,7968
0,7967
0,7966
0,7965
0,7964
0,7963
0,7962
0,7961
0,7960
0,7959
0,7958
0,7957
0,7956
0,7955
0,7954
0,7953
0,7952
0,7951
0,7950
0,7949
0,7948
0,7947
0,7946
0,7945
0,7944
0,7943
0,7942
0,7941
0,7940
0,7939
0,7938
0,7937
0,7936
0,7935
0,7934
0,7933
0,7932
0,7931
0,7930
0,7929
0,7928
0,7927
0,7926
0,7925
0,7924
0,7923
0,7922
0,7921
0,7920
0,7919
0,7918
0,7917
0,7916
0,7915
0,7914
0,7913
0,7912
0,7911
0,7910
0,7909
0,7908
0,7907
0,7906
0,7905
0,7904
0,7903
0,7902
0,7901
0,7900
0,7899
0,7898
0,7897
0,7896
0,7895
0,7894
0,7893
0,7892
0,7891
0,7890
0,7889
0,7888
0,7887
0,7886
0,7885
0,7884
0,7883
0,7882
0,7881
0,7880
0,7879
0,7878
0,7877
0,7876
0,7875
0,7874
0,7873
0,7872
0,7871
0,7870
0,7869
0,7868
0,7867
0,7866
0,7865
0,7864
0,7863
0,7862
0,7861
0,7860
0,7859
0,7858
0,7857
0,7856
0,7855
0,7854
0,7853
0,7852
0,7851
0,7850
0,7849
0,7848
0,7847
0,7846
0,7845
0,7844
0,7843
0,7842
0,7841
0,7840
0,7839
0,7838
0,7837
0,7836
0,7835
0,7834
0,7833
0,7832
0,7831
0,7830
0,7829
0,7828
0,7827
0,7826
0,7825
0,7824
0,7823
0,7822
0,7821
0,7820
0,7819
0,7818
0,7817
0,7816
0,7815
0,7814
0,7813
0,7812
0,7811
0,7810
0,7809
0,7808
0,7807
0,7806
0,7805
0,7804
0,7803
0,7802
0,7801
0,7800
0,7799
0,7798
0,7797
0,7796
0,7795
0,7794
0,7793
0,7792
0,7791
0,7790
0,7789
0,7788
0,7787
0,7786
0,7785
0,7784
0,7783
0,7782
0,7781
0,7780
0,7779
0,7778
0,7777
0,7776
0,7775
0,7774
0,7773
0,7772
0,7771
0,7770
0,7769
0,7768
0,7767
0,7766
0,7765
0,7764
0,7763
0,7762
0,7761
0,7760
0,7759
0,7758
0,7757
0,7756
0,7755
0,7754
0,7753
0,7752
0,7751
0,7750
0,7749
0,7748
0,7747
0,7746
0,7745
0,7744
0,7743
0,7742
0,7741
0,7740
0,7739
0,7738
0,7737
0,7736
0,7735
0,7734
0,7733
0,7732
0,7731
0,7730
0,7729
0,7728
0,7727
0,7726
0,7725
0,7724
0,7723
0,7722
0,7721
0,7720
0,7719
0,7718
0,7717
0,7716
0,7715
0,7714
0,7713
0,7712
0,7711
0,7710
0,7709
0,7708
0,7707
0,7706
0,7705
0,7704
0,7703
0,7702
0,7701
0,7700
0,7699
0,7698
0,7697
0,7696
0,7695
0,7694
0,7693
0,7692
0,7691
0,7690
0,7689
0,7688
0,7687
0,7686
0,7685
0,7684
0,7683
0,7682
0,7681
0,7680
0,7679
0,7678
0,7677
0,7676
0,7675
0,7674
0,7673
0,7672
0,7671
0,7670
0,7669
0,7668
0,7667
0,7666
0,7665
0,7664
0,7663
0,7662
0,7661
0,7660
0,7659
0,7658
0,7657
0,7656
0,7655
0,7654
0,7653
0,7652
0,7651
0,7650
0,7649
0,7648
0,7647
0,7646
0,7645
0,7644
0,7643
0,7642
0,7641
0,7640
0,7639
0,7638
0,7637
0,7636
0,7635
0,7634
0,7633
0,7632
0,7631
0,7630
0,7629
0,7628
0,7627
0,7626
0,7625
0,7624
0,7623
0,7622
0,7621
0,7620
0,7619
0,7618
0,7617
0,7616
0,7615
0,7614
0,7613
0,7612
0,7611
0,7610
0,7609
0,7608
0,7607
0,7606
0,7605
0,7604
0,7603
0,7602
0,7601
0,7600
0,7599
0,7598
0,7597
0,7596
0,7595
0,7594
0,7593
0,7592
0,7591
0,7590
0,7589
0,7588
0,7587
0,7586
0,7585
0,7584
0,7583
0,7582
0,7581
0,7580
0,7579
0,7578
0,7577
0,7576
0,7575
0,7574
0,7573
0,7572
0,7571
0,7570
0,7569
0,7568
0,7567
0,7566
0,7565
0,7564
0,7563
0,7562
0,7561
0,7560
0,7559
0,7558
0,7557
0,7556
0,7555
0,7554
0,7553
0,7552
0,7551
0,7550
0,7549
0,7548
0,7547
0,7546
0,7545
0,7544
0,7543
0,7542
0,7541
0,7540
0,7539
0,7538
0,7537
0,7536
0,7535
0,7534
0,7533
0,7532
0,7531
0,7530
0,7529
0,7528
0,7527
0,7526
0,7525
0,7524
0,7523
0,7522
0,7521
0,7520
0,7519
0,7518
0,7517
0,7516
0,7515
0,7514
0,7513
0,7512
0,7511
0,7510
0,7509
0,7508
0,7507
0,7506
0,7505
0,7504
0,7503
0,7502
0,7501
0,7500
0,7499
0,7498
0,7497
0,7496
0,7495
0,7494
0,7493
0,7492
0,7491
0,7490
0,7489
0,7488
0,7487
0,7486
0,7485
0,7484
0,7483
0,7482
0,7481
0,7480
0,7479
0,7478
0,7477
0,7476
0,7475
0,7474
0,7473
0,7472
0,7471
0,7470
0,7469
0,7468
0,7467
0,7466
0,7465
0,7464
0,7463
0,7462
0,7461
0,7460
0,7459
0,7458
0,7457
0,7456
0,7455
0,7454
0,7453
0,7452
0,7451
0,7450
0,7449
0,7448
0,7447
0,7446
0,7445
0,7444
0,7443
0,7442
0,7441
0,7440
0,7231
0,7230
0,7229
0,7228
0,7227
0,7226
0,7225
0,7224
0,7223
0,7222
0,7221
0,7220
0,7219
0,7218
0,7217
0,7216
0,7215
0,7214
0,7213
0,7212
0,7211
0,7210
0,7209
0,7208
0,7207
0,7206
0,7205
0,7204
0,7203
0,7202
0,7201
0,7200
0,7199
0,7198
0,7197
0,7196
0,7195
0,7194
0,7193
0,7192
0,7191
0,7190
0,7189
0,7188
0,7187
0,7186
0,7185
0,7184
0,7183
0,7182
0,7181
0,7180
0,7179
