5,4
0,1048
0,1774
11,10231
7,650
7,856
7,339
7,12
11,608
7,927
11,613
0,2610
0,213
0,1773
7,523
7,872
11,2418
11,8508
11,4861
11,2739
11,5149
11,197
11,7281
11,7392
7,627
11,9396
11,16195
11,4546
11,4206
7,575
11,2371
7,924
7,796
7,909
7,289
11,3744
7,1038
11,4848
7,506
11,7081
11,5717
11,3998
7,949
11,8303
11,8681
11,8695
11,8188
7,771
7,1012
11,5304
11,2588
11,3541
7,207
11,4630
11,8098
7,773
11,9035
11,16194
7,609
11,3995
7,484
11,2581
11,1102
7,579
11,2346
11,9129
11,7541
7,986
11,4863
11,16193
7,989
11,2136
7,1018
11,4551
11,8859
7,956
11,4266
11,16129
7,968
11,16128
0,2609
0,212
0,1772
11,16192
11,5743
7,668
11,2696
11,2227
11,614
7,557
11,4874
11,10239
7,887
11,8292
11,4898
7,637
11,7071
11,4851
7,828
11,7951
7,603
11,7784
11,9350
7,673
7,532
11,7618
11,1399
11,9055
11,4786
11,7099
11,215
11,217
11,9211
11,7796
7,930
11,14635
11,1874
7,610
7,767
11,4777
11,8084
11,2344
7,658
11,9876
11,5748
7,316
11,8372
11,2165
11,9572
7,903
7,698
7,917
7,1030
7,929
11,4419
11,2224
11,611
11,1402
11,7899
7,742
11,3723
11,4835
11,7797
7,546
11,3853
11,14634
11,4921
7,528
11,4196
11,4834
11,8460
11,5755
11,799
11,14633
11,7970
11,4912
7,682
11,8459
11,8108
11,2115
11,4883
11,1326
11,9335
0,2608
0,0
0,211
0,1771
11,2719
11,14632
11,14631
7,600
11,2729
7,761
11,9588
11,14630
7,595
7,3
11,8840
11,9203
11,9898
11,1091
7,225
7,848
7,1024
7,590
11,7755
11,4006
11,2178
11,14629
7,945
11,5737
7,527
11,410
11,4166
11,663
11,1128
11,2704
11,4545
11,4064
11,8331
7,350
7,101
11,224
7,845
11,8905
7,776
11,7971
11,4463
11,9117
11,796
7,85
11,8936
7,861
11,8713
11,5728
11,4669
11,4602
11,597
7,756
11,4762
11,785
11,5738
11,2059
7,846
7,997
11,3558
11,4283
11,5700
11,2550
11,5696
11,14628
11,2404
7,858
7,735
11,8860
11,7649
7,876
11,4183
11,4590
11,2312
11,406
7,975
11,4029
7,617
11,7362
7,1032
7,943
11,2373
7,1055
11,9585
0,2607
0,210
0,1770
11,14627
11,5000
11,8513
11,7412
7,276
7,719
11,4891
11,8273
7,1036
11,3766
7,1017
11,14626
11,2542
11,14625
7,814
11,2321
11,14624
11,658
11,9338
11,9043
7,749
11,129
7,971
11,8714
11,9904
7,716
11,5726
11,5404
7,739
11,8861
11,4849
11,8474
11,5176
11,7991
7,937
11,3567
11,2420
7,821
11,439
11,413
11,8481
7,141
11,5168
11,5153
7,455
11,3851
7,417
11,14623
11,8088
11,8095
7,915
11,9892
7,629
11,8109
11,2187
11,7522
11,9870
0,2606
0,209
0,1769
11,2552
11,8680
11,7667
11,1314
11,5384
7,642
11,4887
7,1023
11,14622
11,8537
7,729
11,8130
11,2385
11,14621
11,4243
11,14620
11,3521
11,14619
11,8549
11,14618
11,14617
11,14616
11,7898
7,514
11,154
11,8885
7,678
7,336
7,746
11,8835
11,9574
11,5141
7,936
11,240
7,955
7,784
11,8694
11,2724
7,896
11,14615
11,2598
11,8687
11,430
7,168
7,127
11,4881
11,9316
11,10217
11,578
7,577
11,2405
11,9046
11,8956
11,5007
0,2605
0,208
0,1768
7,1034
11,4810
7,660
11,8184
7,699
11,10238
7,463
11,14614
7,732
11,7953
11,8489
7,790
11,7787
7,129
11,8881
11,9198
11,8297
11,14613
11,4618
11,2421
7,807
11,4432
11,132
7,780
11,2054
11,1093
11,14612
11,4446
11,9182
7,363
11,2618
11,14611
11,697
11,10237
11,7980
7,905
11,14610
11,429
11,7103
11,7748
11,9195
11,2319
7,935
11,9875
11,4857
11,14609
11,4858
11,3848
11,2741
5,3
11,5301
7,1064
11,8726
11,9066
7,926
11,802
11,2093
7,786
11,8874
7,891
11,4632
11,4595
7,737
11,4919
11,9282
7,388
11,4852
7,398
7,1039
7,884
11,5751
7,1052
11,5734
11,1336
11,9881
11,5309
11,7620
0,2604
0,207
0,1767
11,10236
7,693
11,4582
11,1313
11,2057
7,847
11,2691
11,5177
11,3985
11,5401
11,2562
7,497
11,2201
11,9158
7,752
11,14608
11,3529
11,9576
7,619
7,269
7,844
7,831
7,533
11,8882
11,9575
11,7398
7,516
11,8937
11,7884
11,8103
11,9368
7,799
11,4161
11,673
7,106
11,14607
11,4763
11,4885
11,1303
11,14606
11,388
11,14605
11,2204
7,490
7,503
11,8174
11,14604
11,664
11,8374
11,7508
11,2551
11,4280
11,4447
7,485
11,2185
11,1315
11,8917
11,9359
11,2426
7,677
11,696
11,4824
11,5706
11,814
11,7270
7,683
7,386
11,9378
7,875
7,496
7,1010
11,4195
11,4577
11,14603
11,1127
11,2354
11,4472
11,131
7,515
11,2572
7,563
11,9283
11,8379
11,2150
11,7750
0,2603
0,206
0,205
11,9187
11,9567
11,2590
11,2697
7,878
7,950
11,9101
7,344
11,7515
11,2537
11,8900
11,4244
11,8270
7,709
0,2602
7,669
11,3751
7,560
11,2740
11,621
7,840
11,7414
11,10193
11,14602
11,8673
7,416
11,4071
11,4089
11,8190
11,8545
11,4873
11,8314
11,7075
11,818
11,8934
11,4553
11,629
11,5721
11,4775
11,14601
11,1130
11,5289
11,3771
11,3866
11,9538
11,8465
11,2716
11,4455
11,14600
7,667
11,14599
11,403
11,5727
11,4365
7,941
7,770
11,235
11,14598
11,9024
11,4019
11,601
11,9167
11,2511
11,2214
11,2075
11,4220
7,849
11,8262
11,5278
11,9552
11,8753
11,5399
11,5030
7,836
11,1359
11,4557
11,3756
0,1066
0,1765
11,8763
11,1281
11,8717
11,1178
11,3742
11,2330
7,157
11,14597
11,7549
7,1004
11,2095
11,1871
11,7966
11,9349
11,8955
11,8720
11,8850
11,4444
11,4274
11,5741
7,147
11,7931
11,4828
11,4800
7,675
11,811
11,7745
11,14596
7,834
11,9139
7,447
11,9382
11,9106
11,225
11,1129
11,1210
11,4197
7,777
11,3842
11,10205
11,14595
11,4406
11,2604
11,7881
11,392
11,5424
11,2546
11,4788
7,842
11,14594
11,7236
11,9331
11,3997
7,984
11,14593
11,9164
11,14590
11,9077
11,7292
11,3764
11,14589
11,776
11,4203
11,789
11,220
11,8457
0,2601
0,204
0,1764
11,3772
11,9044
11,7761
11,8729
11,686
11,2710
11,2314
11,2705
11,2422
11,8710
11,1353
11,8468
11,7539
11,4656
11,14588
11,8649
7,1061
11,9579
11,8648
11,1094
11,8310
11,8075
11,7923
11,698
7,832
11,2362
11,771
11,3774
7,607
11,620
11,8739
11,8843
11,8893
11,8360
11,8070
11,9542
11,1191
11,9404
11,7283
11,4653
11,5142
11,14587
11,2138
11,7400
11,8340
11,5014
11,641
11,3557
11,9891
11,7897
11,4896
11,8570
11,7656
11,14586
11,624
11,13
11,4770
11,8324
11,2089
11,4629
11,4057
11,14585
11,39
0,2600
0,203
0,202
11,8531
11,7933
11,60
11,14584
11,9896
11,14583
11,8476
11,8066
11,14582
11,4839
11,2698
11,8892
0,2599
11,2076
11,3733
11,4235
11,8265
11,10214
11,8766
11,7080
7,883
7,688
11,1406
11,8901
11,5390
11,1884
11,4479
11,9906
11,7062
11,1344
11,1179
11,4637
11,3741
11,9040
11,7793
7,707
11,2189
11,4011
7,1028
11,1113
7,630
11,4440
11,2586
11,14581
11,8335
11,7895
11,2064
11,7958
11,1890
11,4641
11,1196
11,2748
11,5150
11,7993
11,4876
11,3746
11,4278
11,4558
11,7944
11,14580
11,4368
11,780
11,4569
11,7090
11,5262
0,1060
0,1762
11,7490
11,4269
11,4439
11,16191
11,8644
11,9553
11,8313
11,14579
11,436
11,9179
11,14578
11,1186
11,8307
11,14577
11,418
11,3897
11,5016
11,623
11,9384
11,5139
11,8904
11,612
11,7076
11,4385
7,766
11,4249
11,431
11,2522
11,19
11,3968
11,5260
11,8848
11,237
11,7294
11,8539
11,4617
11,9337
7,170
11,14576
11,9889
11,5290
11,3752
11,3524
11,5281
11,8509
11,5428
11,4844
11,7882
11,9135
11,9177
7,370
11,1146
11,7939
11,9038
11,2566
11,4665
11,4369
11,3721
11,9543
11,8723
11,4442
11,4433
7,406
11,8278
11,5273
11,4636
11,3877
7,863
11,4779
11,4165
11,8116
7,580
7,310
11,7269
7,987
11,2139
11,437
7,820
11,1291
11,14575
11,2738
11,2233
11,2746
11,4414
11,4624
11,1304
11,2413
0,2598
0,201
0,200
11,8851
11,8291
11,3972
11,5395
11,1366
11,582
7,288
11,14574
11,8733
11,4247
11,8534
11,1906
11,4436
11,9039
0,2597
11,8484
11,14573
11,5712
11,252
11,5715
11,8935
11,14572
11,9033
11,247
11,1176
11,5006
11,14571
7,977
11,14570
11,9025
11,14569
7,781
11,7423
7,853
11,8516
11,9137
7,769
11,2307
7,763
7,1072
11,7669
11,8559
11,4032
11,2521
11,4822
11,1125
11,9296
11,797
11,1358
11,8076
11,14568
11,2553
11,2536
11,9214
11,9327
7,653
11,1340
11,9074
11,7535
11,3726
11,4649
11,1193
11,8087
11,7616
11,7621
11,784
11,4077
7,751
11,4658
11,2144
11,9388
11,676
11,3871
11,630
11,1205
11,1283
7,792
11,7488
11,4014
11,1183
11,5124
7,287
11,4570
7,1025
11,7243
11,8855
11,4277
11,9
7,951
11,1200
11,5391
11,9124
11,3738
7,631
0,1058
0,199
11,831
7,194
11,4375
11,702
11,14567
7,1042
7,1013
11,3898
11,8283
11,7998
11,2423
11,2580
11,8951
11,2194
11,5410
7,115
11,4872
0,2596
11,7383
11,7551
7,555
11,8523
11,8139
11,14566
11,8295
11,9362
11,8865
11,7275
11,446
11,4607
11,7773
11,2694
11,7097
11,4435
7,254
11,5148
7,723
11,7757
11,14565
11,5746
11,5736
11,7066
7,377
11,4386
11,4399
11,5702
11,7544
11,9345
11,9879
11,589
11,4568
11,14564
11,2104
11,9294
11,14563
11,2087
11,14562
11,2398
11,5385
11,2177
11,4765
11,8187
11,8761
11,7395
11,7260
11,407
11,8488
7,1078
7,184
11,3868
11,7766
11,1202
11,7659
11,4789
11,7234
11,8079
11,1175
11,9131
11,8660
7,782
11,7768
11,5009
11,7978
11,8757
7,626
11,5258
7,620
11,9394
11,1369
11,7973
11,8663
11,9149
11,1197
11,2211
11,5015
11,8085
11,642
11,4453
11,9322
11,4092
11,4633
11,9130
11,2718
11,7379
0,1057
0,1759
11,4182
11,4548
11,10191
11,219
11,14561
11,8909
11,1211
11,7786
11,9056
11,8461
11,2388
11,3549
11,8332
11,7982
7,900
11,404
11,8941
7,613
11,9161
7,33
11,3892
11,2520
11,58
11,9569
11,9341
11,652
11,1212
7,544
11,1199
11,5697
11,7638
11,7364
11,5011
11,8096
7,16
11,8711
11,4465
11,14560
11,670
7,330
11,8448
11,8458
11,3976
11,3984
11,9215
11,10206
11,7277
7,676
11,4831
11,4381
11,9165
11,5382
7,898
11,14559
11,9914
11,9594
11,63
11,14558
11,8497
11,8890
11,14557
11,2109
11,2399
11,14556
11,9162
11,14555
11,3765
11,8366
11,211
11,3845
11,14554
11,4584
11,9358
11,4047
11,4012
7,70
11,3760
11,246
7,1033
11,8169
11,2692
11,699
11,9370
11,2072
11,3883
11,9546
11,7232
7,78
11,4997
11,9556
11,7776
11,9111
11,2173
7,268
11,4415
11,9864
11,3993
11,9096
7,140
11,1333
11,8575
11,5040
11,7887
11,5126
11,227
11,7070
11,5707
11,249
11,208
7,145
11,7053
0,2595
0,198
0,1758
11,5392
11,4224
11,2127
11,8078
11,7633
11,5133
11,8502
11,7396
11,8355
11,807
7,259
11,7632
11,2337
11,8347
7,808
11,4257
11,695
11,14553
11,5429
7,999
11,229
11,4020
7,5
11,4871
11,2360
7,721
11,8167
11,4899
11,3535
11,4364
11,3857
11,4081
7,841
11,770
11,4086
11,2519
11,7086
11,9118
11,7530
11,8899
11,8903
11,9280
11,627
11,1207
11,2378
7,263
11,3768
11,9048
11,9343
7,525
11,14552
11,8560
11,9555
11,7892
7,921
11,1292
11,8482
11,669
11,8524
11,2164
11,8915
11,4174
11,14551
11,588
11,4623
11,3748
11,4162
11,8568
7,1063
11,1308
11,8764
11,14550
7,539
11,8361
11,5386
7,824
11,10218
11,14549
11,14548
11,4574
11,8159
11,1372
11,8354
11,8674
7,223
11,5145
11,8333
11,8469
11,14547
11,7416
11,8185
11,203
11,692
11,2548
11,8522
11,1388
7,957
11,8266
11,9571
11,7946
11,2700
11,1916
11,7749
11,4431
7,1016
11,4862
7,392
11,4403
11,1342
11,9079
11,8750
11,4085
11,8309
7,733
11,9058
7,1049
11,2198
7,308
7,684
11,2608
11,7061
11,7798
11,4747
11,1147
7,877
11,773
11,4285
11,4804
11,8574
11,8883
11,8451
11,9385
11,5044
11,4025
0,2594
0,197
0,1757
11,4270
11,1134
11,7495
11,9405
11,8706
11,8834
11,4993
11,4648
11,4074
11,8181
7,480
7,933
11,4585
11,7519
7,860
11,7994
11,2408
11,7069
11,5713
11,7407
11,4581
11,4578
7,995
7,1011
11,4069
11,7913
11,10219
11,3869
11,8704
11,2428
11,1164
11,5164
11,9911
11,5023
11,8895
11,9061
11,14546
11,8154
11,2062
11,1114
11,649
11,3566
11,9060
11,7500
7,198
11,9140
11,2709
11,8643
11,4926
7,1069
11,4451
7,874
11,1387
11,4051
11,8112
11,4829
11,4801
11,4040
11,10204
11,5021
11,8838
11,684
11,8862
11,2329
7,1044
11,8760
11,3530
11,2085
11,816
11,8566
11,9103
11,14545
11,791
11,8071
11,4239
11,10211
11,2504
11,195
11,794
7,173
11,4566
11,3565
11,8142
11,3980
11,7244
11,3903
11,9026
7,467
11,1346
11,3755
11,14544
7,300
11,4200
11,7264
7,939
11,14543
7,397
11,9591
11,5012
11,4037
11,7764
11,9323
11,1880
11,14542
11,7512
7,9
11,7246
11,1907
11,4755
11,9857
11,14541
11,4242
11,1168
11,7063
11,9186
11,4241
11,2403
11,8836
11,1121
11,4780
7,302
11,4160
11,2167
11,8888
11,7382
7,178
11,8707
7,17
11,416
11,1311
11,8641
11,4393
11,10185
11,7239
7,819
11,2053
11,2147
11,7989
11,2323
11,8886
11,2166
11,9089
11,7417
0,2593
0,196
0,195
11,2587
11,626
11,7785
11,7256
11,7919
11,1203
11,8121
11,4179
11,3969
11,7059
11,8732
11,7527
11,5269
11,9321
11,7782
11,9041
11,2515
11,7936
11,4358
11,7493
11,7517
11,8735
11,3981
11,1915
11,415
11,4794
11,7891
11,4859
11,7393
11,8945
11,2727
11,4619
11,7046
11,2157
0,2592
11,8111
11,7937
11,4627
11,8471
11,2514
11,8520
7,657
11,8743
11,2390
11,1889
7,103
7,571
7,852
7,421
11,8741
11,7051
7,286
11,4049
7,885
11,14540
11,579
11,10816
11,7624
11,8659
11,1357
11,5307
11,5275
11,7506
7,754
11,7047
11,2208
11,8863
11,3889
11,8364
11,3520
11,9537
7,912
11,8913
11,8092
11,9320
7,202
11,7521
11,618
11,9307
11,8089
11,1167
11,4214
11,4766
11,4471
11,2048
11,7263
11,646
11,3894
11,7915
11,1902
11,4754
11,683
11,1895
11,2396
11,2140
11,7254
11,8569
11,8381
11,3730
11,10194
11,7912
11,2605
11,3572
11,5422
11,4596
11,10178
11,7905
11,14539
11,4054
11,4917
7,894
7,690
11,7248
11,5430
11,4895
7,1007
11,9157
11,2106
11,7238
11,9916
11,4059
11,4281
11,7094
11,4287
11,4438
11,4378
11,4660
11,1298
11,222
11,9561
11,7671
11,9558
11,10203
11,5162
11,4395
11,5159
11,14538
11,3902
11,5279
11,7968
11,8573
11,9888
7,331
11,2114
11,7385
11,8279
11,7087
11,5698
11,2414
11,14537
11,7781
7,499
11,576
11,2160
11,690
11,8841
11,7880
11,14536
11,7985
11,4039
11,3896
11,14535
11,2538
11,4760
11,4254
11,5261
11,9189
11,2153
11,7661
11,7677
11,2689
11,822
11,8532
11,7754
11,4213
11,809
11,7758
0,1053
0,194
11,7065
11,1190
11,8065
11,4095
11,8302
11,9057
11,7543
11,14534
11,7064
11,1294
11,4812
11,7783
11,3712
11,9099
7,182
11,7289
7,257
11,8334
7,275
11,1863
11,7498
11,419
11,602
11,4613
11,7925
7,1085
11,3970
11,5274
11,4261
11,192
11,4663
11,2181
0,2591
11,10207
11,4230
7,574
11,5120
11,4421
11,7518
11,5426
11,5735
11,4222
11,2086
7,967
11,9568
11,2191
11,8257
11,3538
11,8947
11,8271
11,8177
11,2505
11,1306
7,362
11,7290
11,8678
11,4995
11,4994
11,9086
11,1877
11,2391
11,1919
11,7242
7,367
11,8709
11,8926
11,7376
11,1900
11,2350
11,5138
11,1397
11,2331
11,7489
11,7386
11,8329
11,9107
7,295
11,7752
11,1133
7,169
11,9592
7,264
11,4576
11,5310
11,8380
11,2193
7,347
11,4474
11,14533
11,8689
11,3759
7,196
11,659
11,2353
11,2400
11,130
11,667
11,5130
11,4413
11,4384
11,8067
11,8738
11,2621
7,1059
11,689
11,2375
11,8671
11,9901
7,357
11,5387
7,382
11,2533
11,8328
7,304
11,8767
11,4070
11,7910
11,5411
11,9090
11,3769
11,2431
11,701
11,819
7,481
11,8675
11,2149
11,14532
11,2103
11,9302
11,9554
11,9550
7,393
11,7977
7,493
11,1891
11,3858
11,7287
11,3569
11,7979
11,5699
11,9298
11,7540
11,1395
11,8702
7,240
11,8094
11,4193
7,11
11,4202
11,7363
7,14
7,692
7,166
11,200
11,5287
11,9133
7,736
11,14531
11,5256
11,10235
7,689
11,637
7,477
11,7996
11,4017
11,1868
11,2532
7,636
11,2367
11,2322
11,2183
11,14530
11,1883
11,1368
11,2179
11,5284
11,9379
11,14529
0,1052
0,193
11,5415
11,7397
11,14527
11,4642
11,1154
11,2125
11,1317
11,7894
7,105
11,9893
11,2172
11,1324
11,7876
11,8367
11,4163
11,9185
11,2499
11,207
11,8727
11,2237
7,994
11,8128
7,591
11,9391
11,10186
11,5271
11,9919
11,5416
11,9197
0,2590
7,277
7,645
11,5018
11,10197
11,4008
11,3978
7,897
11,5128
7,722
7,148
11,4560
7,335
11,4260
11,8342
11,14526
11,4758
11,9104
11,236
7,942
11,7280
11,2317
11,445
11,391
11,8373
7,643
11,2557
11,9306
11,1363
11,2335
11,7365
11,7904
11,7405
7,231
11,4227
11,4201
11,1155
11,4223
7,715
11,8106
11,1396
11,4811
11,3553
11,8565
11,9108
11,4631
11,5423
7,868
11,196
7,428
11,198
11,7765
11,5708
7,487
11,5393
7,612
11,128
11,4449
11,10496
11,8325
11,1089
11,4588
7,1050
11,7872
11,2593
11,38
11,2226
11,9062
7,319
11,9862
11,4043
11,8136
11,8686
7,220
11,8849
7,969
11,10215
11,666
11,7092
7,104
11,8736
7,422
7,92
11,4013
11,8163
11,2508
11,2543
11,9557
7,662
11,7957
11,2090
7,549
11,7079
7,407
11,4906
11,5431
7,562
11,7288
11,4626
11,9393
7,454
11,1885
7,768
11,5019
11,5254
11,2101
11,628
11,2336
11,4388
11,2327
11,7772
11,9190
11,14525
11,9078
11,1355
11,7751
11,2079
11,4264
7,838
11,2380
7,588
11,8118
11,1295
11,7775
11,7653
11,8691
11,8127
11,2051
